g++ -g main.cpp -o main.o
./main.o
---------------------------------------------------------------------
n = 13561
iterations = 4
a_0 = 116
a_1 = 2
a_2 = 4
a_3 = 1
v_0 = 1
v_1 = 105
v_2 = 45
v_3 = 137
u_0 = 116
u_1 = 94
u_2 = 86
u_3 = 51
alpha_0 = 116.452
alpha_1 = 2.21383
alpha_2 = 4.6767
alpha_3 = 1.47775
b_0 = 1
b_1 = 116
b_2 = 233
b_3 = 1048
b_4 = 1281
m_18446744073709551615 = 1
m_0 = -105
m_1 = 45
m_2 = -137
m_3 = 80
B={-1,2,3,5,7,137,}
(m_-1)^2 mod(n) =   1 = -1^0 * 2^0 * 3^0 * 5^0 * 7^0 * 137^0 * 
(m_0)^2 mod(n) = -105 = -1^1 * 2^0 * 3^1 * 5^1 * 7^1 * 137^0 * 
(m_1)^2 mod(n) =  45 = -1^0 * 2^0 * 3^2 * 5^1 * 7^0 * 137^0 * 
(m_2)^2 mod(n) = -137 = -1^1 * 2^0 * 3^0 * 5^0 * 7^0 * 137^1 * 
(m_3)^2 mod(n) =  80 = -1^0 * 2^4 * 3^0 * 5^1 * 7^0 * 137^0 * 
epsilon_0 = ( 1 0 1 1 1 0 )
epsilon_1 = ( 0 0 0 1 0 0 )
epsilon_2 = ( 1 0 0 0 0 1 )
epsilon_3 = ( 0 0 0 1 0 0 )
x_0*epsilon_0+x_1*epsilon_1+x_2*epsilon_2+x_3*epsilon_3 = 0
candidates: 10 16 
candidate:10 = 0000000000000000000000000000000000000000000000000000000000001010
     x_0 = 0
     x_1 = 1
     x_2 = 0
     x_3 = 1
     X = 131
     Y = 60
     gcd(X-Y,n) = 71
     gcd(X+Y,n) = 191
candidate:16 = 0000000000000000000000000000000000000000000000000000000000010000
     x_0 = 0
     x_1 = 0
     x_2 = 0
     x_3 = 0
     X = 1
     Y = 1
     gcd(X-Y,n) = 13561
     gcd(X+Y,n) = 1
